2026	09	23	AG	AW	CLC	AG	200	188	895	979	52	-1	19	21	29	31	33	37	36	39	38	42
2026	09	23	BS	MF	CLC	VI	224	180	685	1042	11	15	35	5	53	7	62	8	66	9	71	9
2026	09	23	TC	MS	CLC	TC	226	191	657	972	22	11	31	9	47	13	54	16	58	17	62	18
2026	09	26	AG	AI	CLC	AG	200	227	895	646	88	-15	5	35	7	53	8	62	9	66	9	71
2026	09	26	VG	MS	CLC	TC	213	191	743	972	21	12	32	8	47	13	55	15	59	16	63	17
2026	09	26	VI	MF	CLC	VI	229	180	627	1042	14	14	34	6	52	8	60	10	64	11	69	11
2026	09	29	AI	AW	CLC	AG	227	188	646	979	13	15	35	5	52	8	61	9	65	10	70	10
2026	09	29	TC	VG	CLC	TC	226	213	657	743	52	-1	19	21	29	31	34	36	36	39	38	42
2026	09	29	VI	BS	CLC	VI	229	224	627	685	56	-2	18	22	26	34	31	39	33	42	35	45
2026	10	01	AG	AI	CLC	AG	200	227	895	646	88	-15	5	35	7	53	8	62	9	66	9	71
2026	10	01	VG	MS	CLC	TC	213	191	743	972	21	12	32	8	47	13	55	15	59	16	63	17
2026	10	01	VI	MF	CLC	VI	229	180	627	1042	14	14	34	6	52	8	60	10	64	11	69	11
2026	10	04	AI	AW	CLC	AG	227	188	646	979	13	15	35	5	52	8	61	9	65	10	70	10
2026	10	04	TC	VG	CLC	TC	226	213	657	743	52	-1	19	21	29	31	34	36	36	39	38	42
2026	10	04	VI	BS	CLC	VI	229	224	627	685	56	-2	18	22	26	34	31	39	33	42	35	45
2026	10	06	AG	AW	CLC	AG	200	188	895	979	52	-1	19	21	29	31	33	37	36	39	38	42
2026	10	06	BS	MF	CLC	VI	224	180	685	1042	11	15	35	5	53	7	62	8	66	9	71	9
2026	10	06	TC	MS	CLC	TC	226	191	657	972	22	11	31	9	47	13	54	16	58	17	62	18
