2026	09	24	CM	KM	FQ	CM	61	111	1614	1374	88	-15	5	35	7	53	9	61	9	66	10	70
2026	09	24	CF	MR	FQ	MA	153	127	1236	1329	37	5	25	15	38	22	44	26	47	28	50	30
2026	09	24	CG	NA	FQ	BW	157	135	1207	1303	37	5	25	15	38	22	44	26	48	27	51	29
2026	09	24	CD	GQ	FQ	CD	45	107	1704	1380	92	-17	3	37	5	55	6	64	6	69	6	74
2026	09	24	CI	GH	FQ	CI	39	68	1728	1571	81	-13	7	33	11	49	13	57	14	61	15	65
2026	09	24	LY	BW	FQ	LY	97	147	1420	1267	81	-12	8	32	11	49	13	57	14	61	15	65
2026	09	24	SL	ZW	FQ	MA	120	113	1342	1372	46	2	22	18	33	27	38	32	41	34	43	37
2026	09	24	TN	UG	FQ	TN	71	103	1562	1395	82	-13	7	33	11	49	12	58	13	62	14	66
2026	09	25	DZ	ZM	FQ	DZ	30	114	1756	1371	94	-18	2	38	3	57	4	66	4	71	5	75
2026	09	25	BF	BJ	FQ	BF	78	101	1529	1406	78	-11	9	31	13	47	15	55	16	59	17	63
2026	09	25	EG	AO	FQ	EG	34	74	1742	1543	85	-14	6	34	9	51	11	59	11	64	12	68
2026	09	25	ET	SD	FQ	SS	140	118	1287	1350	41	4	24	16	35	25	41	29	44	31	47	33
2026	09	25	GM	SO	FQ	GM	98	189	1419	978	96	-18	2	38	3	57	3	67	3	72	3	77
2026	09	25	LS	NE	FQ	GH	159	106	1198	1382	26	10	30	10	45	15	52	18	56	19	59	21
2026	09	25	MW	SS	FQ	MW	151	170	1239	1109	79	-12	8	32	13	47	15	55	16	59	17	63
2026	09	25	ML	CV	FQ	ML	67	59	1588	1619	60	-4	16	24	24	36	28	42	30	45	32	48
2026	09	25	MA	GA	FQ	MA	14	102	1901	1402	97	-19	1	39	2	58	2	68	2	73	2	78
2026	09	25	NG	MG	FQ	NG	28	107	1767	1380	94	-18	2	38	3	57	4	66	4	71	5	75
2026	09	25	RW	LR	FQ	RW	124	134	1337	1304	68	-7	13	27	19	41	22	48	24	51	25	55
2026	09	25	SN	MZ	FQ	SN	23	120	1816	1342	96	-19	1	39	2	58	2	68	3	72	3	77
2026	09	25	TZ	GW	FQ	TZ	132	150	1313	1248	72	-9	11	29	17	43	20	50	21	54	22	58
2026	09	25	TG	BI	FQ	TG	109	142	1379	1286	75	-10	10	30	15	45	17	53	19	56	20	60
2026	09	26	KE	ER	FQ	KE	116	158	1363	1202	82	-13	7	33	11	49	13	57	14	61	15	65
2026	09	26	ZA	GN	FQ	ZA	73	86	1560	1464	76	-10	10	30	15	45	17	53	18	57	20	60
2026	09	28	BF	CF	FQ	MA	78	153	1529	1236	84	-14	6	34	9	51	11	59	12	63	12	68
2026	09	28	GQ	SL	FQ	CM	107	120	1380	1342	55	-2	18	22	27	33	31	39	33	42	36	44
2026	09	28	TN	BW	FQ	TN	71	147	1562	1267	91	-16	4	36	6	54	7	63	7	68	7	73
2026	09	28	ZW	CD	FQ	ZW	113	45	1372	1704	21	12	32	8	48	12	55	15	59	16	63	17
2026	09	29	BJ	MR	FQ	CI	101	127	1406	1329	61	-4	16	24	23	37	27	43	29	46	31	49
2026	09	29	BI	DZ	FQ	BI	142	30	1286	1756	11	16	36	4	54	6	63	7	67	8	72	8
2026	09	29	CV	RW	FQ	CV	59	124	1619	1337	90	-16	4	36	6	54	7	63	7	68	8	72
2026	09	29	KM	NA	FQ	KM	111	135	1374	1303	73	-9	11	29	16	44	19	51	20	55	22	58
2026	09	29	CG	CM	FQ	CG	157	61	1207	1614	15	14	34	6	51	9	60	10	64	11	68	12
2026	09	29	ET	SN	FQ	ET	140	23	1287	1816	8	17	37	3	55	5	65	5	69	6	74	6
2026	09	29	GA	NE	FQ	GA	102	106	1402	1382	67	-7	13	27	20	40	23	47	25	50	27	53
2026	09	29	GH	GM	FQ	GH	68	98	1571	1419	81	-12	8	32	11	49	13	57	14	61	15	65
2026	09	29	GW	NG	FQ	GW	150	28	1248	1767	8	17	37	3	55	5	64	6	69	6	73	7
2026	09	29	CI	SO	FQ	CI	39	189	1728	978	99.3	-20	0	40	0	60	1	69	1	74	1	79
2026	09	29	LS	MA	FQ	ZA	159	14	1198	1901	1.7	19	39	1	59	1	69	1	74	1	79	1
2026	09	29	LR	ML	FQ	LR	134	67	1304	1588	26	10	30	10	45	15	52	18	56	19	59	21
2026	09	29	MG	TZ	FQ	MA	107	132	1380	1313	60	-4	16	24	24	36	28	42	30	45	32	48
2026	09	29	MZ	SD	FQ	MZ	120	118	1342	1350	63	-5	15	25	22	38	26	44	28	47	30	50
2026	09	29	SS	EG	FQ	SS	170	34	1109	1742	4	18	38	2	57	3	67	3	72	3	76	4
2026	09	29	UG	LY	FQ	UG	103	97	1395	1420	61	-4	16	24	24	36	28	42	30	45	31	49
2026	09	29	ZM	TG	FQ	ZM	114	109	1371	1379	63	-5	15	25	22	38	26	44	28	47	30	50
2026	09	30	ER	ZA	FQ	EG	158	73	1202	1560	11	15	35	5	53	7	62	8	67	8	71	9
2026	10	01	GN	KE	FQ	GN	86	116	1464	1363	76	-10	10	30	14	46	17	53	18	57	19	61
2026	10	06	AO	MW	FQ	AO	74	151	1543	1239	91	-16	4	36	5	55	6	64	7	68	7	73
2026	11	11	DZ	TG	FQ	DZ	30	109	1756	1379	94	-18	2	38	4	56	4	66	5	70	5	75
2026	11	11	AO	SS	FQ	AO	74	170	1543	1109	96	-18	2	38	3	57	3	67	3	72	4	76
2026	11	11	BJ	CF	FQ	BJ	101	153	1406	1236	83	-13	7	33	10	50	12	58	13	62	14	66
2026	11	11	BF	MR	FQ	BF	78	127	1529	1329	85	-14	6	34	9	51	11	59	11	64	12	68
2026	11	11	CM	NA	FQ	CM	61	135	1614	1303	91	-17	3	37	5	55	6	64	6	69	7	73
2026	11	11	CV	LR	FQ	CV	59	134	1619	1304	92	-17	3	37	5	55	6	64	6	69	7	73
2026	11	11	KM	CG	FQ	KM	111	157	1374	1207	82	-13	7	33	11	49	12	58	13	62	14	66
2026	11	11	CD	SL	FQ	CD	45	120	1704	1342	93	-17	3	37	4	56	5	65	5	70	5	75
2026	11	11	EG	MW	FQ	EG	34	151	1742	1239	97	-19	1	39	2	58	2	68	2	73	2	78
2026	11	11	GQ	ZW	FQ	GQ	107	113	1380	1372	65	-6	14	26	21	39	24	46	26	49	28	52
2026	11	11	GA	LS	FQ	GA	102	159	1402	1198	85	-14	6	34	9	51	10	60	11	64	12	68
2026	11	11	GH	SO	FQ	GH	68	189	1571	978	98.2	-19	1	39	1	59	1	69	1	74	1	79
2026	11	11	GN	ER	FQ	GN	86	158	1464	1202	89	-16	4	36	7	53	8	62	8	67	9	71
2026	11	11	CI	GM	FQ	CI	39	98	1728	1419	91	-17	3	37	5	55	6	64	7	68	7	73
2026	11	11	MG	GW	FQ	MG	107	150	1380	1248	79	-12	8	32	12	48	15	55	16	59	17	63
2026	11	11	ML	RW	FQ	ML	67	124	1588	1337	88	-15	5	35	7	53	8	62	9	66	9	71
2026	11	11	MA	NE	FQ	MA	14	106	1901	1382	97	-19	1	39	2	58	2	68	2	73	2	78
2026	11	11	MZ	ET	FQ	MZ	120	140	1342	1287	71	-8	12	28	17	43	20	50	22	53	23	57
2026	11	11	NG	TZ	FQ	NG	28	132	1767	1313	96	-18	2	38	2	58	3	67	3	72	3	77
2026	11	11	SN	SD	FQ	SN	23	118	1816	1350	96	-19	1	39	2	58	3	67	3	72	3	77
2026	11	11	ZA	KE	FQ	ZA	73	116	1560	1363	85	-14	6	34	9	51	11	59	11	64	12	68
2026	11	11	TN	LY	FQ	TN	71	97	1562	1420	80	-12	8	32	12	48	14	56	15	60	16	64
2026	11	11	UG	BW	FQ	UG	103	147	1395	1267	79	-12	8	32	13	47	15	55	16	59	17	63
2026	11	11	ZM	BI	FQ	ZM	114	142	1371	1286	74	-10	10	30	15	45	18	52	19	56	21	59
2026	11	16	BW	UG	FQ	BW	147	103	1267	1395	46	2	22	18	32	28	38	32	41	34	43	37
2026	11	16	BI	ZM	FQ	BI	142	114	1286	1371	52	-1	19	21	29	31	33	37	36	39	38	42
2026	11	16	CF	BJ	FQ	CF	153	101	1236	1406	40	4	24	16	36	24	42	28	45	30	48	32
2026	11	16	CG	KM	FQ	CG	157	111	1207	1374	40	4	24	16	36	24	42	28	45	30	48	32
2026	11	16	ER	GN	FQ	ER	158	86	1202	1464	28	9	29	11	43	17	50	20	54	21	57	23
2026	11	16	ET	MZ	FQ	ET	140	120	1287	1342	56	-3	17	23	26	34	30	40	33	42	35	45
2026	11	16	GM	CI	FQ	GM	98	39	1419	1728	23	11	31	9	46	14	54	16	58	17	62	18
2026	11	16	GW	MG	FQ	GW	150	107	1248	1380	45	2	22	18	33	27	38	32	41	34	44	36
2026	11	16	KE	ZA	FQ	KE	116	73	1363	1560	36	5	25	15	38	22	45	25	48	27	51	29
2026	11	16	LS	GA	FQ	LS	159	102	1198	1402	35	6	26	14	39	21	45	25	48	27	52	28
2026	11	16	LR	CV	FQ	LR	134	59	1304	1619	22	11	31	9	47	13	54	16	58	17	62	18
2026	11	16	LY	TN	FQ	LY	97	71	1420	1562	44	2	22	18	34	26	39	31	42	33	45	35
2026	11	16	MW	EG	FQ	MW	151	34	1239	1742	9	16	36	4	55	5	64	6	68	7	73	7
2026	11	16	MR	BF	FQ	MR	127	78	1329	1529	36	6	26	14	38	22	45	25	48	27	51	29
2026	11	16	NA	CM	FQ	NA	135	61	1303	1614	23	11	31	9	46	14	54	16	58	17	62	18
2026	11	16	NE	MA	FQ	NE	106	14	1382	1901	8	17	37	3	55	5	64	6	69	6	73	7
2026	11	16	RW	ML	FQ	RW	124	67	1337	1588	30	8	28	12	42	18	49	21	53	22	56	24
2026	11	16	SL	CD	FQ	SL	120	45	1342	1704	18	13	33	7	49	11	57	13	61	14	66	14
2026	11	16	SO	GH	FQ	SO	189	68	978	1571	6	18	38	2	57	3	66	4	71	4	76	4
2026	11	16	SS	AO	FQ	SS	170	74	1109	1543	13	15	35	5	52	8	61	9	65	10	70	10
2026	11	16	SD	SN	FQ	SD	118	23	1350	1816	11	16	36	4	53	7	62	8	67	8	71	9
2026	11	16	TZ	NG	FQ	TZ	132	28	1313	1767	12	15	35	5	53	7	62	8	66	9	71	9
2026	11	16	TG	DZ	FQ	TG	109	30	1379	1756	17	13	33	7	50	10	58	12	62	13	67	13
2026	11	16	ZW	GQ	FQ	ZW	113	107	1372	1380	63	-5	15	25	22	38	26	44	28	47	30	50
2027	03	25	AO	EG	FQ	AO	74	34	1543	1742	36	6	26	14	38	22	45	25	48	27	51	29
2027	03	25	BJ	BF	FQ	BJ	101	78	1406	1529	47	1	21	19	32	28	37	33	40	35	43	37
2027	03	25	BW	LY	FQ	BW	147	97	1267	1420	42	3	23	17	35	25	40	30	43	32	46	34
2027	03	25	BI	TG	FQ	BI	142	109	1286	1379	51	0	20	20	29	31	34	36	37	38	39	41
2027	03	25	CV	ML	FQ	CV	59	67	1619	1588	68	-7	13	27	19	41	22	48	24	51	26	54
2027	03	25	CF	MR	FQ	CF	153	127	1236	1329	51	0	20	20	29	31	34	36	37	38	39	41
2027	03	25	KM	CM	FQ	KM	111	61	1374	1614	31	8	28	12	41	19	48	22	52	23	55	25
2027	03	25	CG	NA	FQ	CG	157	135	1207	1303	51	0	20	20	30	30	35	35	37	38	40	40
2027	03	25	GQ	CD	FQ	GQ	107	45	1380	1704	22	11	31	9	47	13	55	15	59	16	63	17
2027	03	25	ER	KE	FQ	ER	158	116	1202	1363	41	3	23	17	35	25	41	29	44	31	47	33
2027	03	25	ET	SD	FQ	ET	140	118	1287	1350	55	-2	18	22	27	33	31	39	34	41	36	44
2027	03	25	GA	MA	FQ	GA	102	14	1402	1901	9	16	36	4	55	5	64	6	68	7	73	7
2027	03	25	GH	CI	FQ	GH	68	39	1571	1728	42	3	23	17	35	25	41	29	44	31	47	33
2027	03	25	GW	TZ	FQ	GW	150	132	1248	1313	55	-2	18	22	27	33	31	39	34	41	36	44
2027	03	25	GN	ZA	FQ	GN	86	73	1464	1560	51	0	20	20	30	30	35	35	37	38	40	40
2027	03	25	LS	NE	FQ	LS	159	106	1198	1382	38	5	25	15	37	23	43	27	46	29	49	31
2027	03	25	LR	RW	FQ	LR	134	124	1304	1337	60	-4	16	24	24	36	28	42	30	45	32	48
2027	03	25	MG	NG	FQ	MG	107	28	1380	1767	16	14	34	6	50	10	59	11	63	12	67	13
2027	03	25	MZ	SN	FQ	MZ	120	23	1342	1816	10	16	36	4	54	6	63	7	67	8	72	8
2027	03	25	SO	GM	FQ	SO	189	98	978	1419	12	15	35	5	53	7	61	9	66	9	70	10
2027	03	25	SS	MW	FQ	SS	170	151	1109	1239	46	2	22	18	33	27	38	32	41	34	43	37
2027	03	25	UG	TN	FQ	UG	103	71	1395	1562	40	4	24	16	36	24	42	28	45	30	48	32
2027	03	25	ZM	DZ	FQ	ZM	114	30	1371	1756	16	14	34	6	50	10	59	11	63	12	67	13
2027	03	25	ZW	SL	FQ	ZW	113	120	1372	1342	68	-7	13	27	19	41	22	48	24	51	26	54
2027	03	29	DZ	BI	FQ	DZ	30	142	1756	1286	96	-19	1	39	2	58	3	67	3	72	3	77
2027	03	29	BF	CF	FQ	BF	78	153	1529	1236	91	-16	4	36	6	54	7	63	7	68	8	72
2027	03	29	CM	CG	FQ	CM	61	157	1614	1207	95	-18	2	38	3	57	4	66	4	71	4	76
2027	03	29	CD	ZW	FQ	CD	45	113	1704	1372	92	-17	3	37	5	55	5	65	6	69	6	74
2027	03	29	EG	SS	FQ	EG	34	170	1742	1109	98.6	-19	1	39	1	59	1	69	1	74	1	79
2027	03	29	GM	GH	FQ	GM	98	68	1419	1571	43	3	23	17	34	26	40	30	43	32	46	34
2027	03	29	CI	SO	FQ	CI	39	189	1728	978	99.3	-20	0	40	0	60	1	69	1	74	1	79
2027	03	29	KE	GN	FQ	KE	116	86	1363	1464	50	0	20	20	30	30	35	35	38	37	40	40
2027	03	29	LY	UG	FQ	LY	97	103	1420	1395	67	-7	13	27	20	40	23	47	25	50	26	54
2027	03	29	MW	AO	FQ	MW	151	74	1239	1543	24	11	31	9	46	14	53	17	57	18	61	19
2027	03	29	ML	LR	FQ	ML	67	134	1588	1304	90	-16	4	36	6	54	7	63	7	68	8	72
2027	03	29	MR	BJ	FQ	MR	127	101	1329	1406	53	-1	19	21	28	32	33	37	35	40	37	43
2027	03	29	MA	LS	FQ	MA	14	159	1901	1198	99.0	-20	0	40	1	59	1	69	1	74	1	79
2027	03	29	NA	KM	FQ	NA	135	111	1303	1374	54	-2	18	22	28	32	32	38	34	41	37	43
2027	03	29	NE	GA	FQ	NE	106	102	1382	1402	61	-5	15	25	23	37	27	43	29	46	31	49
2027	03	29	NG	GW	FQ	NG	28	150	1767	1248	97	-19	1	39	2	58	2	68	2	73	2	78
2027	03	29	RW	CV	FQ	RW	124	59	1337	1619	26	10	30	10	44	16	52	18	56	19	59	21
2027	03	29	SN	ET	FQ	SN	23	140	1816	1287	97	-19	1	39	2	58	2	68	2	73	2	78
2027	03	29	SL	GQ	FQ	SL	120	107	1342	1380	59	-4	16	24	25	35	29	41	31	44	33	47
2027	03	29	ZA	ER	FQ	ZA	73	158	1560	1202	93	-17	3	37	4	56	5	65	5	70	5	75
2027	03	29	SD	MZ	FQ	SD	118	120	1350	1342	65	-6	14	26	21	39	24	46	26	49	28	52
2027	03	29	TZ	MG	FQ	TZ	132	107	1313	1380	55	-2	18	22	27	33	32	38	34	41	36	44
2027	03	29	TG	ZM	FQ	TG	109	114	1379	1371	65	-6	14	26	21	39	24	46	26	49	28	52
2027	03	29	TN	BW	FQ	TN	71	147	1562	1267	91	-16	4	36	6	54	7	63	7	68	7	73
