2026	09	25	AM	LV	ENC	AM	112	138	1373	1288	74	-10	10	30	15	45	18	52	19	56	21	59
2026	09	25	ME	CY	ENC	ME	87	131	1460	1314	80	-12	8	32	12	48	14	56	15	60	16	64
2026	09	26	AL	BY	ENC	AL	60	80	1616	1522	75	-10	10	30	15	45	17	53	18	57	20	60
2026	09	26	BG	LU	ENC	BG	88	90	1458	1450	65	-6	14	26	21	39	24	46	26	49	28	52
2026	09	26	FO	KZ	ENC	FO	104	94	1386	1428	58	-3	17	23	25	35	29	41	31	44	33	47
2026	09	26	IS	EE	ENC	IS	70	117	1568	1360	85	-14	6	34	9	51	10	60	11	64	12	68
2026	09	26	SM	FI	ENC	SM	206	76	825	1536	3	19	39	1	58	2	68	2	73	2	78	2
2026	09	26	SK	MD	ENC	SK	51	146	1667	1270	95	-18	2	38	3	57	4	66	4	71	4	76
2026	09	28	AM	ME	ENC	AM	112	87	1373	1460	52	-1	19	21	29	31	34	36	36	39	39	41
2026	09	28	LV	CY	ENC	LV	138	131	1288	1314	60	-4	16	24	24	36	28	42	30	45	32	48
2026	09	29	BG	EE	ENC	BG	88	117	1458	1360	76	-10	10	30	15	45	17	53	18	57	19	61
2026	09	29	FI	BY	ENC	FI	76	80	1536	1522	66	-6	14	26	20	40	24	46	26	49	27	53
2026	09	29	LU	IS	ENC	LU	90	70	1450	1568	47	1	21	19	32	28	37	33	39	36	42	38
2026	09	29	MD	FO	ENC	MD	146	104	1270	1386	48	1	21	19	31	29	37	33	39	36	42	38
2026	09	29	SM	AL	ENC	SM	206	60	825	1616	1.8	19	39	1	59	1	69	1	74	1	79	1
2026	09	29	SK	KZ	ENC	SK	51	94	1667	1428	88	-15	5	35	7	53	9	61	9	66	10	70
2026	10	02	CY	AM	ENC	CY	131	112	1314	1373	56	-2	18	22	26	34	31	39	33	42	35	45
2026	10	02	FO	SK	ENC	FO	104	51	1386	1667	26	10	30	10	44	16	52	18	55	20	59	21
2026	10	02	KZ	MD	ENC	KZ	94	146	1428	1270	82	-13	7	33	11	49	13	57	14	61	15	65
2026	10	02	LV	ME	ENC	LV	138	87	1288	1460	40	4	24	16	36	24	42	28	45	30	48	32
2026	10	03	BY	SM	ENC	HU	80	206	1522	825	98.2	-19	1	39	1	59	1	69	1	74	1	79
2026	10	03	EE	LU	ENC	EE	117	90	1360	1450	51	-1	19	21	29	31	34	36	36	39	39	41
2026	10	03	FI	AL	ENC	FI	76	60	1536	1616	53	-1	19	21	28	32	33	37	35	40	38	42
2026	10	03	IS	BG	ENC	IS	70	88	1568	1458	77	-11	9	31	14	46	16	54	17	58	18	62
2026	10	05	CY	LV	ENC	CY	131	138	1314	1288	67	-7	13	27	20	40	23	47	24	51	26	54
2026	10	05	ME	AM	ENC	ME	87	112	1460	1373	75	-10	10	30	15	45	18	52	19	56	20	60
2026	10	06	AL	SM	ENC	AL	60	206	1616	825	99.4	-20	0	40	0	60	0	70	0	75	0	80
2026	10	06	BY	FI	ENC	HU	80	76	1522	1536	48	1	21	19	31	29	36	34	39	36	42	38
2026	10	06	EE	IS	ENC	EE	117	70	1360	1568	35	6	26	14	39	21	46	24	49	26	52	28
2026	10	06	KZ	FO	ENC	KZ	94	104	1428	1386	69	-8	12	28	18	42	21	49	23	52	25	55
2026	10	06	LU	BG	ENC	LU	90	88	1450	1458	63	-5	15	25	22	38	26	44	28	47	30	50
2026	10	06	MD	SK	ENC	MD	146	51	1270	1667	15	14	34	6	51	9	59	11	64	11	68	12
2026	11	12	AL	FI	ENC	AL	60	76	1616	1536	74	-10	10	30	16	44	18	52	20	55	21	59
2026	11	12	AM	CY	ENC	AM	112	131	1373	1314	71	-9	11	29	17	43	20	50	21	54	23	57
2026	11	12	ME	LV	ENC	ME	87	138	1460	1288	83	-13	7	33	10	50	12	58	13	62	14	66
2026	11	12	SM	BY	ENC	SM	206	80	825	1522	3	19	39	1	58	2	68	2	73	2	78	2
2026	11	13	BG	IS	ENC	BG	88	70	1458	1568	49	1	21	19	31	29	36	34	39	36	41	39
2026	11	13	LU	EE	ENC	LU	90	117	1450	1360	75	-10	10	30	15	45	18	52	19	56	20	60
2026	11	13	MD	KZ	ENC	MD	146	94	1270	1428	42	3	23	17	35	25	41	29	44	31	47	33
2026	11	13	SK	FO	ENC	SK	51	104	1667	1386	90	-16	4	36	6	54	7	63	8	67	8	72
2026	11	15	AL	BY	ENC	HU	60	80	1616	1522	63	-5	15	25	22	38	26	44	28	47	29	51
2026	11	15	CY	ME	ENC	CY	131	87	1314	1460	43	3	23	17	34	26	40	30	42	33	45	35
2026	11	15	FI	SM	ENC	FI	76	206	1536	825	99.1	-20	0	40	1	59	1	69	1	74	1	79
2026	11	15	LV	AM	ENC	LV	138	112	1288	1373	52	-1	19	21	29	31	33	37	36	39	38	42
2026	11	16	EE	BG	ENC	EE	117	88	1360	1458	50	0	20	20	30	30	35	35	37	38	40	40
2026	11	16	FO	MD	ENC	FO	104	146	1386	1270	78	-11	9	31	13	47	16	54	17	58	18	62
2026	11	16	IS	LU	ENC	IS	70	90	1568	1450	78	-11	9	31	13	47	16	54	17	58	18	62
2026	11	16	KZ	SK	ENC	KZ	94	51	1428	1667	31	8	28	12	41	19	48	22	52	23	55	25
