2026	09	24	DM	KY	CLB	DM	196	209	935	800	79	-12	8	32	12	48	14	56	15	60	16	64
2026	09	24	GY	PR	CLB	DM	137	166	1293	1135	71	-9	11	29	17	43	20	50	22	53	23	57
2026	09	25	BM	GP	CLB	LC	168	123	1117	1338	22	11	31	9	47	13	55	15	59	16	62	18
2026	09	25	CU	GD	CLB	KN	151	172	1239	1098	69	-8	12	28	18	42	22	48	23	52	25	55
2026	09	25	KN	BQ	CLB	KN	183	208	1030	817	86	-14	6	34	8	52	10	60	11	64	11	69
2026	09	25	LC	BB	CLB	LC	186	199	1003	898	76	-11	9	31	14	46	16	54	18	57	19	61
2026	09	26	BZ	SX	CLB	BZ	176	190	1073	974	76	-10	10	30	14	46	17	53	18	57	19	61
2026	09	26	GF	VC	CLB	BZ	154	165	1223	1141	62	-5	15	25	23	37	27	43	29	46	31	49
2026	09	27	KY	GY	CLB	DM	209	137	800	1293	6	18	38	2	57	3	66	4	71	4	76	4
2026	09	27	DM	PR	CLB	DM	196	166	935	1135	36	6	26	14	38	22	45	25	48	27	51	29
2026	09	28	BB	GP	CLB	LC	199	123	898	1338	7	17	37	3	56	4	65	5	69	6	74	6
2026	09	28	BQ	CU	CLB	KN	208	151	817	1239	8	17	37	3	55	5	64	6	69	6	74	6
2026	09	28	KN	GD	CLB	KN	183	172	1030	1098	55	-2	18	22	27	33	32	38	34	41	36	44
2026	09	28	LC	BM	CLB	LC	186	168	1003	1117	48	1	21	19	31	29	36	34	39	36	42	38
2026	09	29	BZ	VC	CLB	BZ	176	165	1073	1141	55	-2	18	22	27	33	32	38	34	41	36	44
2026	09	29	GF	SX	CLB	BZ	154	190	1223	974	81	-12	8	32	12	48	13	57	14	61	15	65
2026	10	01	KY	PR	CLB	DM	209	166	800	1135	13	15	35	5	52	8	61	9	65	10	70	10
2026	10	01	DM	GY	CLB	DM	196	137	935	1293	18	13	33	7	49	11	57	13	61	14	65	15
2026	10	02	BB	BM	CLB	BB	199	168	898	1117	34	7	27	13	40	20	47	23	50	25	53	27
2026	10	02	BQ	GD	CLB	TT	208	172	817	1098	17	13	33	7	50	10	58	12	63	12	67	13
2026	10	02	CU	KN	CLB	TT	151	183	1239	1030	77	-11	9	31	14	46	16	54	17	58	18	62
2026	10	02	GP	LC	CLB	BB	123	186	1338	1003	87	-15	5	35	8	52	9	61	10	65	10	70
2026	10	03	BZ	GF	CLB	BZ	176	154	1073	1223	43	3	23	17	34	26	40	30	43	32	46	34
2026	10	03	VC	SX	CLB	BZ	165	190	1141	974	72	-9	11	29	17	43	19	51	21	54	22	58
2026	10	04	DM	GY	CLB	PR	196	137	935	1293	11	15	35	5	53	7	62	8	67	8	71	9
2026	10	04	PR	KY	CLB	PR	166	209	1135	800	92	-17	3	37	5	55	5	65	6	69	6	74
2026	10	05	BB	BM	CLB	BB	199	168	898	1117	34	7	27	13	40	20	47	23	50	25	53	27
2026	10	05	BQ	GD	CLB	TT	208	172	817	1098	17	13	33	7	50	10	58	12	63	12	67	13
2026	10	05	CU	KN	CLB	TT	151	183	1239	1030	77	-11	9	31	14	46	16	54	17	58	18	62
2026	10	05	GP	LC	CLB	BB	123	186	1338	1003	87	-15	5	35	8	52	9	61	10	65	10	70
2026	10	06	BZ	GF	CLB	BZ	176	154	1073	1223	43	3	23	17	34	26	40	30	43	32	46	34
2026	10	06	VC	SX	CLB	BZ	165	190	1141	974	72	-9	11	29	17	43	19	51	21	54	22	58
2026	11	13	BZ	VC	CLB	GF	176	165	1073	1141	40	4	24	16	36	24	42	28	45	30	48	32
2026	11	13	BM	LC	CLB	GP	168	186	1117	1003	66	-6	14	26	20	40	24	46	26	49	27	53
2026	11	13	CU	BQ	CLB	CU	151	208	1239	817	95	-18	2	38	3	57	3	67	4	71	4	76
2026	11	13	DM	PR	CLB	GY	196	166	935	1135	24	10	30	10	46	14	53	17	57	18	61	19
2026	11	13	GF	SX	CLB	GF	154	190	1223	974	88	-15	5	35	7	53	8	62	9	66	9	71
2026	11	13	GD	KN	CLB	CU	172	183	1098	1030	60	-4	16	24	24	36	28	42	30	45	32	48
2026	11	13	GP	BB	CLB	GP	123	199	1338	898	96	-18	2	38	3	57	3	67	3	72	3	77
2026	11	13	GY	KY	CLB	GY	137	209	1293	800	97	-19	1	39	2	58	2	68	2	73	3	77
2026	11	17	BB	LC	CLB	GP	199	186	898	1003	35	6	26	14	39	21	45	25	49	26	52	28
2026	11	17	BZ	SX	CLB	GF	176	190	1073	974	64	-6	14	26	22	38	25	45	27	48	29	51
2026	11	17	BQ	KN	CLB	CU	208	183	817	1030	23	11	31	9	46	14	54	16	58	17	62	18
2026	11	17	KY	DM	CLB	GY	209	196	800	935	31	7	27	13	41	19	48	22	51	24	55	25
2026	11	17	CU	GD	CLB	CU	151	172	1239	1098	80	-12	8	32	12	48	14	56	15	60	16	64
2026	11	17	GF	VC	CLB	GF	154	165	1223	1141	74	-10	10	30	16	44	18	52	19	56	21	59
2026	11	17	GP	BM	CLB	GP	123	168	1338	1117	86	-15	5	35	8	52	10	60	10	65	11	69
2026	11	17	GY	PR	CLB	GY	137	166	1293	1135	82	-13	7	33	11	49	13	57	14	61	15	65
