2026	09	24	AT	IL	ENB	AT	22	54	1821	1647	83	-13	7	33	10	50	12	58	13	62	14	66
2026	09	24	KO	IE	ENB	KO	42	47	1714	1699	66	-6	14	26	20	40	24	46	26	49	27	53
2026	09	25	GE	EI	ENB	GE	53	63	1654	1605	70	-8	12	28	18	42	21	49	22	53	24	56
2026	09	25	HU	UA	ENB	HU	43	26	1710	1780	54	-2	18	22	27	33	32	38	34	41	37	43
2026	09	25	PL	BA	ENB	PL	43	63	1710	1605	76	-11	9	31	14	46	16	54	18	57	19	61
2026	09	25	SE	RO	ENB	SE	37	55	1731	1639	75	-10	10	30	15	45	17	53	19	56	20	60
2026	09	26	NM	CH	ENB	NM	66	11	1589	1928	20	12	32	8	48	12	56	14	60	15	64	16
2026	09	26	SI	SQ	ENB	SI	48	32	1682	1745	55	-2	18	22	27	33	31	39	34	41	36	44
2026	09	27	AT	KO	ENB	AT	22	42	1821	1714	77	-11	9	31	14	46	16	54	17	58	19	61
2026	09	27	IE	IL	ENB	HU	47	54	1699	1647	57	-3	17	23	26	34	30	40	32	43	34	46
2026	09	28	EI	HU	ENB	EI	63	43	1605	1710	49	0	20	20	30	30	36	34	38	37	41	39
2026	09	28	RO	BA	ENB	RO	55	63	1639	1605	68	-7	13	27	19	41	22	48	24	51	25	55
2026	09	28	SE	PL	ENB	SE	37	43	1731	1710	67	-7	13	27	20	40	23	47	25	50	27	53
2026	09	28	GE	UA	ENB	GE	53	26	1654	1780	46	1	21	19	32	28	38	32	40	35	43	37
2026	09	29	SQ	CH	ENB	SQ	32	11	1745	1928	38	5	25	15	37	23	43	27	46	29	49	31
2026	09	29	SI	NM	ENB	SI	48	66	1682	1589	75	-10	10	30	15	45	17	53	19	56	20	60
2026	10	01	IE	AT	ENB	IE	47	22	1699	1821	47	1	21	19	32	28	37	33	40	35	43	37
2026	10	01	IL	KO	ENB	HU	54	42	1647	1714	40	4	24	16	36	24	42	28	45	30	48	32
2026	10	02	BA	SE	ENB	BA	63	37	1605	1731	46	1	21	19	32	28	38	32	40	35	43	37
2026	10	02	HU	GE	ENB	HU	43	53	1710	1654	71	-8	12	28	17	43	20	50	22	53	23	57
2026	10	02	EI	UA	ENB	SK	63	26	1605	1780	27	9	29	11	44	16	51	19	55	20	59	21
2026	10	02	PL	RO	ENB	PL	43	55	1710	1639	73	-9	11	29	16	44	19	51	20	55	22	58
2026	10	03	NM	SQ	ENB	NM	66	32	1589	1745	42	3	23	17	35	25	41	29	43	32	46	34
2026	10	03	CH	SI	ENB	CH	11	48	1928	1682	88	-15	5	35	7	53	8	62	9	66	10	70
2026	10	04	IE	IL	ENB	RS	47	54	1699	1647	57	-3	17	23	26	34	30	40	32	43	34	46
2026	10	04	KO	AT	ENB	KO	42	22	1714	1821	49	0	20	20	31	29	36	34	38	37	41	39
2026	10	05	BA	PL	ENB	BA	63	43	1605	1710	49	0	20	20	30	30	36	34	38	37	41	39
2026	10	05	HU	UA	ENB	SK	43	26	1710	1780	40	4	24	16	36	24	42	28	45	30	48	32
2026	10	05	EI	GE	ENB	EI	63	53	1605	1654	57	-3	17	23	26	34	30	40	32	43	34	46
2026	10	05	RO	SE	ENB	RO	55	37	1639	1731	51	0	20	20	29	31	34	36	37	38	39	41
2026	10	06	SQ	SI	ENB	SQ	32	48	1745	1682	72	-9	11	29	17	43	20	50	21	54	22	58
2026	10	06	CH	NM	ENB	CH	11	66	1928	1589	93	-17	3	37	4	56	5	65	6	69	6	74
2026	11	13	SQ	NM	ENB	SQ	32	66	1745	1589	81	-13	7	33	11	49	13	57	14	61	15	65
2026	11	13	SI	CH	ENB	SI	48	11	1682	1928	30	8	28	12	42	18	49	21	52	23	56	24
2026	11	14	AT	IE	ENB	AT	22	47	1821	1699	78	-11	9	31	13	47	15	55	16	59	17	63
2026	11	14	GE	HU	ENB	GE	53	43	1654	1710	56	-3	17	23	26	34	31	39	33	42	35	45
2026	11	14	KO	IL	ENB	KO	42	54	1714	1647	72	-9	11	29	17	43	19	51	21	54	22	58
2026	11	14	EI	UA	ENB	EI	63	26	1605	1780	39	4	24	16	36	24	42	28	45	30	49	31
2026	11	14	RO	PL	ENB	RO	55	43	1639	1710	54	-2	18	22	28	32	32	38	34	41	37	43
2026	11	14	SE	BA	ENB	SE	37	63	1731	1605	79	-11	9	31	13	47	15	55	16	59	17	63
2026	11	16	NM	SI	ENB	NM	66	48	1589	1682	51	0	20	20	29	31	34	36	37	38	39	41
2026	11	16	CH	SQ	ENB	CH	11	32	1928	1745	84	-13	7	33	10	50	11	59	12	63	13	67
2026	11	17	AT	IL	ENB	HU	22	54	1821	1647	73	-9	11	29	16	44	19	51	20	55	21	59
2026	11	17	BA	RO	ENB	BA	63	55	1605	1639	59	-4	16	24	24	36	28	42	30	45	32	48
2026	11	17	GE	UA	ENB	SK	53	26	1654	1780	33	7	27	13	40	20	47	23	51	24	54	26
2026	11	17	HU	EI	ENB	HU	43	63	1710	1605	76	-11	9	31	14	46	16	54	18	57	19	61
2026	11	17	IE	KO	ENB	IE	47	42	1699	1714	62	-5	15	25	23	37	27	43	29	46	30	50
2026	11	17	PL	SE	ENB	PL	43	37	1710	1731	61	-4	16	24	23	37	27	43	29	46	31	49
