2026	09	24	CR	CW	CLA	CR	62	92	1609	1438	83	-13	7	33	10	50	12	58	13	62	14	66
2026	09	24	DO	NI	CLA	DO	144	125	1283	1333	57	-3	17	23	26	34	30	40	32	43	34	46
2026	09	24	HT	TT	CLA	JM	81	104	1517	1386	68	-7	13	27	19	41	22	48	24	51	26	54
2026	09	25	SV	MQ	CLA	SV	120	133	1342	1312	68	-7	13	27	19	41	22	48	24	51	26	54
2026	09	25	HN	SR	CLA	HN	69	93	1570	1431	80	-12	8	32	12	48	14	56	15	60	16	64
2026	09	25	JM	GT	CLA	JM	79	82	1527	1504	67	-7	13	27	20	40	23	47	25	50	26	54
2026	09	27	CR	HT	CLA	JM	62	81	1609	1517	63	-5	15	25	22	38	26	44	28	47	30	50
2026	09	27	CW	NI	CLA	CW	92	125	1438	1333	76	-11	9	31	14	46	16	54	18	57	19	61
2026	09	27	TT	DO	CLA	TT	104	144	1386	1283	76	-11	9	31	14	46	17	53	18	57	19	61
2026	09	28	GT	SV	CLA	GT	82	120	1504	1342	82	-13	7	33	11	49	13	57	14	61	14	66
2026	09	28	JM	HN	CLA	JM	79	69	1527	1570	58	-3	17	23	25	35	29	41	31	44	33	47
2026	09	28	SR	MQ	CLA	SR	93	133	1431	1312	78	-11	9	31	13	47	15	55	17	58	18	62
2026	10	01	CW	TT	CLA	CW	92	104	1438	1386	71	-8	12	28	18	42	21	49	22	53	24	56
2026	10	01	DO	HT	CLA	DO	144	81	1283	1517	32	7	27	13	41	19	48	22	51	24	55	25
2026	10	01	NI	CR	CLA	NI	125	62	1333	1609	27	9	29	11	44	16	51	19	55	20	59	21
2026	10	02	SV	JM	CLA	SV	120	79	1342	1527	38	5	25	15	37	23	43	27	46	29	50	30
2026	10	02	MQ	HN	CLA	MQ	133	69	1312	1570	29	9	29	11	43	17	50	20	53	22	57	23
2026	10	02	SR	GT	CLA	SR	93	82	1431	1504	54	-2	18	22	28	32	32	38	35	40	37	43
2026	10	04	CR	HT	CLA	CR	62	81	1609	1517	75	-10	10	30	15	45	17	53	19	56	20	60
2026	10	04	NI	DO	CLA	NI	125	144	1333	1283	70	-8	12	28	18	42	21	49	22	53	24	56
2026	10	04	TT	CW	CLA	TT	104	92	1386	1438	57	-3	17	23	26	34	30	40	32	43	35	45
2026	10	05	GT	SR	CLA	GT	82	93	1504	1431	73	-9	11	29	16	44	19	51	20	55	22	58
2026	10	05	HN	JM	CLA	HN	69	79	1570	1527	69	-8	12	28	18	42	21	49	23	52	24	56
2026	10	05	MQ	SV	CLA	MQ	133	120	1312	1342	60	-4	16	24	24	36	28	42	30	45	32	48
